80.120 1.375 80.110 
80.110 1.400 80.310 
80.310 8.087 80.240 
80.240 6.392 80.200 
80.200 5.000 80.170 
80.170 3.124 80.400 
80.400 14.18 80.250 
80.250 4.524 80.220 
80.220 4.669 80.430 
80.430 14.0 80.350 
80.350 9.134 80.270 
80.270 6.000 80.220 
80.220 3.940 80.190 
80.190 2.880 80.160 
80.160 2.328 80.150 
80.150 1.926 80.250 
80.250 6.190 80.380 
80.440 15.99 80.380 
80.380 12.53 80.260 
80.260 5.625 80.200 
80.200 3.491 80.180 
80.180 2.875 80.160 
80.160 2.711 80.170                              
80.170 2.917 80.310 
80.310 8.882 80.350 
80.350 11.12 80.480 
80.480 17.46 80.595 
80.595 31.19 80.520 
80.520 19.84 80.390 
80.390 12.16 80.60
80.600 11.84 80.670
80.670 37.19 80.210
80.210 122.7 80.640
80.640 32.43 80.480
80.480 18.24 80.425
80.425 14.27 80.340
80.340 10.45 80.300
80.300 8.642 80.465
80.465 15.59 80.470
80.470 16.52 80.900
80.900 65.97 80.800
80.800 61.57 80.665
80.665 37.27 80.515
80.515 19.45 80.455
80.455 15.13 80.425